================================================================================
🎯 PREVISÃO LOTOFÁCIL - SISTEMA MELHORADO
================================================================================

Data: 2026-01-26 14:33:04

NÚMEROS RECOMENDADOS:
[1, 2, 3, 5, 8, 10, 11, 12, 13, 15, 18, 20, 22, 24, 25]

Estratégia: Otimização Combinatória
Score: 1437709.6637

ANÁLISE:
Pares: 8 | Ímpares: 7
Soma: 189 | Média: 12.6

DISTRIBUIÇÃO:
1-5: 4
6-10: 2
11-15: 4
16-20: 2
21-25: 3

TOP 10 ALTERNATIVAS:
 1. [1, 2, 3, 5, 8, 10, 11, 12, 13, 15, 18, 20, 22, 24, 25] (Score: 1437709.66)
 2. [1, 3, 5, 6, 10, 11, 13, 14, 15, 16, 18, 20, 22, 24, 25] (Score: 1432807.42)
 3. [1, 2, 3, 6, 8, 9, 10, 11, 13, 15, 18, 20, 22, 24, 25] (Score: 1430862.88)
 4. [1, 3, 5, 6, 7, 10, 11, 12, 14, 16, 18, 20, 22, 24, 25] (Score: 1429242.73)
 5. [1, 3, 5, 6, 8, 9, 10, 12, 13, 15, 18, 20, 22, 24, 25] (Score: 1427459.88)
 6. [1, 3, 5, 6, 8, 9, 10, 11, 13, 15, 18, 20, 23, 24, 25] (Score: 1426834.93)
 7. [1, 3, 5, 6, 9, 10, 11, 12, 14, 15, 16, 18, 20, 22, 25] (Score: 1426380.39)
 8. [1, 2, 3, 5, 6, 9, 10, 12, 14, 15, 18, 20, 22, 23, 25] (Score: 1425506.06)
 9. [1, 2, 3, 5, 6, 9, 10, 12, 13, 14, 16, 18, 20, 22, 25] (Score: 1425474.27)
10. [1, 3, 5, 6, 8, 10, 13, 14, 15, 18, 20, 22, 23, 24, 25] (Score: 1425009.15)
