============================================================
  PREVISÃO LOTOFÁCIL — TensorFlow + XGBoost Ensemble
  Gerado em: 26/08/2026 14:04
  Baseado no concurso: 3771
============================================================

📊 BACKTESTING (últimos 60 sorteios)
  LSTM  → média 9.32 acertos | max 12 | peso 9.317
  XGBst → média 9.00 acertos | max 12 | peso 9.000

🎯 TOP JOGOS (por Score Multi-Critério)

  01. [2, 3, 4, 5, 6, 10, 11, 13, 15, 16, 20, 21, 23, 24, 25]  [score=23.6550]
  02. [2, 3, 4, 5, 6, 7, 10, 11, 12, 13, 15, 16, 21, 23, 24]  [score=23.6513]
  03. [2, 3, 4, 5, 9, 10, 11, 13, 15, 16, 18, 21, 22, 24, 25]  [score=23.6310]
  04. [2, 4, 5, 7, 9, 10, 11, 14, 15, 16, 17, 21, 22, 23, 24]  [score=23.6154]
  05. [2, 3, 4, 5, 6, 9, 11, 13, 15, 18, 21, 22, 23, 24, 25]  [score=23.6094]
  06. [2, 3, 4, 5, 6, 9, 14, 15, 16, 18, 21, 22, 23, 24, 25]  [score=23.5737]
  07. [2, 3, 4, 5, 6, 9, 10, 11, 12, 15, 16, 18, 23, 24, 25]  [score=23.5446]
  08. [1, 2, 3, 4, 5, 6, 8, 9, 11, 13, 14, 15, 16, 21, 23]  [score=23.4454]
  09. [1, 2, 3, 4, 5, 6, 9, 10, 12, 15, 17, 18, 22, 23, 24]  [score=23.3793]
  10. [1, 2, 3, 4, 5, 10, 11, 15, 16, 17, 19, 22, 23, 24, 25]  [score=23.3690]

────────────────────────────────────────────────────────────
⚠️  Lembre-se: resultados de loterias são aleatórios.
    Use este sistema como ferramenta analítica, não como garantia.
============================================================